19
693840425 90561
2 6 7 999957328
98 59
6 30 524 98
97 39
34 37 656 97
22 21
1 4 869 22
1000000000 100000
1 1 0 2
137 49
48 17 461 137
640834505 28785
3 9 1 999946125
78 51
3 5 5 51230
254 99
1 8 9 74990
59 26
14 19 681 59
232959116 56689
4 9 1 999903057
177 73
7 7 5 56401
249718282 93729
1 5 6 999917908
1000000000 100000
99999 1 99999 100000
1000000000 1
12 7 74 12
714311129 39521
9 5 9 999998192
840698758 13331
8 7 10 999955808
1000000000 100000
999999999 1 999999999 1000000000
28 21
6 5 1 85919
198 81
8 5 7 83495
